0.000000
0.041533
0.164669
0.368226
0.652500
1.011613
1.447007
1.957150
2.540578
3.195875
3.921665
4.716599
5.579350
6.508616
7.503115
8.561581
9.682771
10.865452
12.108418
13.410473
14.770443
16.199404
17.670122
19.195538
20.774509
22.405916
24.088657
25.821646
27.603819
29.434118
31.311523
33.235012
35.203587
37.216259
39.272064
41.370029
43.509232
45.688747
47.907654
50.165070
52.460075
54.791824
57.159454
59.562119
61.998974
64.469215
66.972023
69.506599
72.072174
74.667953
77.293198
79.947128
82.629036
85.338150
88.073822
90.835281
93.621880
96.432892
99.267662
102.125542
105.005844
107.907974
110.831230
113.775047
116.738792
119.721832
122.723595
125.743507
128.780991
131.835434
134.906342
137.993118
141.095184
144.212112
147.343307
150.488220
153.646408
156.817368
160.000580
163.195587
166.401840
169.618942
172.846436
176.083817
179.330673
182.586563
185.851059
189.123672
192.404083
195.691818
198.986511
202.287704
205.595078
208.908203
212.226685
215.550232
218.878403
222.210876
225.579666
228.917969
232.259598
235.604248
238.951538
242.301163
245.652832
249.006149
252.360916
255.716705
259.073334
262.430420
265.787720
269.144958
272.501831
275.858063
279.213440
282.567627
285.920380
289.271515
292.620728
295.967743
299.312378
302.654388
305.993561
309.329620
312.662384
315.991608
319.317139
322.638763
325.956146
329.269196
332.577698
335.881531
339.180420
342.474213
345.762726
349.045746
352.323151
355.594727
358.860382
362.119873
365.373108
368.619904
371.860046
375.093475
378.319977
381.539490
384.751892
387.956879
391.154510
394.344513
397.526825
400.701324
403.867859
407.026367
410.176758
413.318787
416.452423
419.577606
422.694183
425.801941
428.901001
431.991089
435.072235
438.144287
441.207153
444.260712
447.304901
450.339691
453.364960
456.380676
459.386749
462.382996
465.369476
468.346039
471.312683
474.269257
477.215851
480.152252
483.078491
485.994476
488.900116
491.795380
494.680237
497.554657
500.418610
503.271881
506.114655
508.946777
511.768097
514.578796
517.378723
520.167847
522.946106
525.713501
528.470032
531.215576
533.950195
536.673828
539.386414
542.087952
544.778442
547.457947
550.126282
552.783386
555.429443
558.064331
560.687988
563.300537
565.901855
568.491943
571.070801
573.638428
576.194824
578.739929
581.273865
583.796448
586.307800
588.807861
591.296692
593.774170
596.240417
598.695374
601.139038
603.571472
605.992615
608.402405
610.801025
613.188416
615.564514
617.929382
620.283020
622.625427
624.956543
627.276550
629.585327
631.882996
634.169373
636.444702
638.708801
640.961853
643.203674
645.434509
647.654236
649.862915
652.060486
654.247131
656.422668
658.587219
660.740845
662.883545
665.015259
667.136047
669.246094
671.345093
673.433411
675.510803
677.577576
679.633362
681.678528
683.712952
685.736694
687.749817
689.752197
691.744080
693.725342
695.696045
697.656250
699.605896
701.545166
703.473938
705.392273
707.300232
709.197937
711.085266
712.962280
714.829102
716.685608
718.531982
720.368164
722.194275
724.010254
725.816101
727.612000
729.397888
731.173828
732.939758
734.695923
736.442078
738.178467
739.905090
741.621948
743.329102
745.026550
746.714294
748.392456
750.060974
751.720093
753.369507
755.009583
756.655945
758.276489
759.887634
761.489502
763.082214
764.665466
766.239685
767.804749
769.360657
770.907410
772.445068
773.973816
775.493591
777.004333
778.506226
779.999268
781.483398
782.958801
784.425354
785.883301
787.332458
788.773010
790.205017
791.628296
793.043213
794.449524
795.847351
797.236816
798.617798
799.990540
801.354858
802.710999
804.058838
805.398499
806.730042
808.053406
809.368713
810.675964
811.975220
813.266479
814.549805
815.825195
817.092712
818.352539
819.604431
820.848633
822.085083
823.313904
824.535095
825.748596
826.954651
828.153137
829.344116
830.527588
831.703796
832.872498
834.033936
835.187988
836.334839
837.474426
838.606812
839.732056
840.850159
841.961121
843.065186
844.162170
845.252136
846.335144
847.411316
848.480652
849.543091
850.598755
851.647644
852.689880
853.725342
854.754150
855.776306
856.791931
857.801025
858.803589
859.799683
860.789307
861.772522
862.749390
863.719971
864.684143
865.642090
866.593811
867.539307
868.478638
869.411865
870.338989
871.260071
872.175049
873.084045
873.987061
874.884277
875.775452
876.660828
877.540344
878.414062
879.281982
880.144165
881.000732
881.851562
882.696777
883.536377
884.370361
885.198975
886.021912
886.839478
887.651489
888.458130
889.259399
890.055298
890.845886
891.631165
892.411316
893.186096
893.955688
894.720154
895.479431
896.233704
896.982788
897.726868
898.465942
899.200073
899.929138
900.653381
901.372681
902.087097
902.796692
903.501526
904.201538
904.896729
905.587280
906.273071
906.954224
907.630737
908.302673
908.969971
909.632751
910.291016
910.944702
911.593994
912.238770
912.879150
913.515198
914.146851
914.774170
915.397095
916.015808
916.630249
917.240479
917.846497
918.448303
919.046021
919.639587
920.229004
920.814392
921.395691
921.972961
922.546265
923.115601
923.680969
924.242371
924.799927
925.353577
925.903381
926.449341
926.991577
927.529907
928.064575
928.595459
929.122681
929.646179
930.170837
930.686462
931.198547
931.707092
932.212036
932.713562
933.211548
933.706116
934.197266
934.684875
935.169189
935.650085
936.127625
936.601807
937.072693
937.540222
938.004517
938.465515
938.923279
939.377869
939.829163
940.277283
940.722290
941.164062
941.602783
942.038330
942.470825
942.900269
943.326599
943.749878
944.170166
944.587463
945.001770
945.413086
945.821533
946.226990
946.629517
947.029236
947.426025
947.819946
948.210999
948.599365
948.984802
949.367554
949.747437
950.124573
950.499084
950.870728
951.239807
951.606140
951.969788
952.334656
952.693481
953.049683
953.403381
953.754456
954.103027
954.449097
954.792664
955.133789
955.472412
955.808594
956.142395
956.473633
956.802612
957.129150
957.453308
957.775146
958.094604
958.411804
958.726624
959.039185
959.349487
959.657532
959.963379
960.266968
960.568298
960.867493
961.164490
961.459290
961.751953
962.042480
962.330872
962.617249
962.901428
963.183533
963.463623
963.741638
964.017639
964.291565
964.563538
964.833496
965.101501
965.367493
965.631531
965.893677
966.153870
966.412170
966.668518
966.923035
967.175659
967.426392
967.675354
967.922424
968.167725
968.411133
968.652771
968.892700
969.130798
969.367126
969.601746
969.834656
970.065735
970.295166
970.522888
970.748962
970.973328
971.196045
971.417053
971.636536
971.854309
972.070496
972.285095
972.498047
972.709412
972.919312
973.127563
973.334229
973.539429
973.743103
973.945190
974.145813
974.344971
974.542603
974.738831
974.933594
975.126831
975.318604
975.508972
975.697998
975.885498
976.071655
976.256409
976.439758
976.621826
976.802490
976.981750
977.159668
977.336304
977.511597
977.685547
977.858215
978.029602
978.199707
978.368530
978.536072
978.702332
978.867371
979.031128
979.193665
979.355042
979.515137
979.674072
979.831787
979.988342
980.143677
980.297852
980.450928
980.602722
980.753479
980.903015
981.051514
981.198853
981.345032
981.490112
981.634216
981.777161
981.918945
982.059692
982.199402
982.338074
982.475647
982.612183
982.747742
982.882202
983.015686
983.148132
983.279602
983.410034
983.539551
983.668030
983.795532
983.922058
984.047607
984.172241
984.295898
984.418640
984.540405
984.661255
984.781250
984.900269
985.018372
985.135620
985.251953
985.367432
985.481995
985.595642
985.708496
985.820435
985.931519
986.041809
986.151184
986.259766
986.367554
986.474365
986.580505
986.685791
986.790283
986.893982
986.996826
987.098938
987.200256
987.300842
987.400574
987.499573
987.597839
987.695251
987.793030
987.889038
987.984314
988.078857
988.172729
988.265808
988.358215
988.449890
988.540833
988.631104
988.720703
988.809570
988.897827
988.985291
989.072205
989.158386
989.243835
989.328735
989.412964
989.496521
989.579468
989.661682
989.743347
989.824341
989.904785
989.984497
990.063660
990.142212
990.220154
990.297424
990.374207
990.450317
990.525879
990.600830
990.675232
990.749023
990.822266
990.894897
990.967041
991.038635
991.109619
991.179993
991.249939
991.319275
991.388062
991.456360
991.524170
991.591309
991.658081
991.724243
991.789917
991.855103
991.919739
991.983887
992.047546
992.110718
992.173401
992.235596
992.297302
992.358521
992.419250
992.479492
992.539307
992.598633
992.657471
992.715881
992.773865
992.831360
992.888428
992.945068
993.001221
993.056946
993.112244
993.167114
993.221497
993.275574
993.329163
993.382324
993.435059
993.487427
993.539307
993.590881
993.642029
993.692749
993.743042
993.793030
993.842529
993.891724
993.940491
993.988892
994.036865
994.084473
994.131714
994.178650
994.225159
994.271362
994.317139
994.362549
994.407654
994.452332
994.496765
994.540771
994.584412
994.627747
994.670837
994.713440
994.755737
994.797791
994.839417
994.880737
994.921753
994.962463
995.002808
995.042847
995.082642
995.122009
995.161133
995.199890
995.238403
995.276611
995.314514
995.352112
995.389404
995.426392
995.463135
995.499573
995.535645
995.571472
995.607056
995.642334
995.677368
995.712097
995.746582
995.780762
995.814697
995.848328
995.881653
995.914795
995.947632
995.980286
996.012573
996.044678
996.076538
996.108032
996.139404
996.170471
996.201355
996.231934
996.262268
996.292358
996.322205
996.351868
996.381226
996.410400
996.439331
996.468018
996.496521
996.524780
996.552795
996.580627
996.608154
996.635498
996.662659
996.689636
996.716309
996.742798
996.769043
996.795166
996.821045
996.846741
996.872192
996.897461
996.922485
996.947327
996.972046
996.996521
997.020752
997.044861
997.068787
997.092407
997.115967
997.139282
997.162415
997.185364
997.208130
997.230713
997.253113
997.275330
997.297424
997.319275
997.341003
997.362488
997.383850
997.405029
997.426025
997.446899
997.467590
997.488098
997.508423
997.528625
997.548645
997.568726
997.588379
997.608032
997.627380
997.646606
997.665710
997.684631
997.703430
997.722107
997.740540
997.758911
997.777100
997.795166
997.813049
997.830811
997.848450
997.865906
997.883240
997.900452
997.917542
997.934387
997.951233
997.967896
997.984436
998.000793
998.017029
998.033142
998.049133
998.065002
998.080811
998.096436
998.111816
998.127197
998.142456
998.157593
998.172607
998.187500
998.202209
998.216858
998.231384
998.245789
998.260071
998.274292
998.288330
998.302307
998.316101
998.329834
998.343384
998.356934
998.370361
998.383667
998.396790
998.409851
998.422852
998.435730
998.448486
998.461121
998.473694
998.486145
998.498474
998.510803
998.522949
998.534973
998.546875
998.558838
998.570557
998.582214
998.593811
998.605286
998.616699
998.627991
998.639160
998.650330
998.661316
998.672241
998.683105
998.693848
998.704590
998.715210
998.725708
998.736145
998.746460
998.756775
998.766907
998.776978
998.786987
998.796936
998.806763
998.816528
998.826233
998.835876
998.845337
998.854797
998.864197
998.873535
998.882751
998.891907
1000.000000
